0 
0 
0 
0 
0 
0 
0 
0 
1 49
0 
0 
0 
0 
0 
0 
1 48
0 
0 
0 
0 
1 38
0 
0 
0 
0 
0 
0 
0 
0 
0 
1 35
1 25
0 
0 
0 
0 
0 
1 31
0 
0 
0 
0 
0 
0 
0 
0 
0 
0 
0 
0 
0 
0 
1 45
0 
1 29
1 46
0 
0 
0 
0 
0 
0 
0 
0 
1 23
0 
0 
0 
0 
0 
0 
0 
1 15
2 25 45
0 
0 
1 13
0 
0 
1 18
1 41
1 12
0 
0 
2 28 45
0 
1 2
0 
0 
1 45
0 
0 
0 
0 
1 35
0 
0 
0 
1 32
1 46
0 
1 6
0 
0 
0 
0 
1 6
0 
0 
0 
0 
1 6
1 6
0 
0 
1 4
1 4
0 
0 
1 4
0 
0 
0 
1 4
1 4
1 5
0 
0 
1 11
1 4
0 
0 
0 
1 3
0 
0 
1 41
1 16
1 26
0 
0 
1 9
0 
0 
0 
0 
0 
0 
0 
0 
0 
1 36
0 
0 
0 
0 
0 
0 
0 
0 
0 
1 14
1 12
0 
0 
0 
1 21
0 
0 
1 46
0 
0 
0 
0 
0 
0 
1 44
0 
1 30
0 
2 21 22
0 
1 23
0 
0 
0 
0 
1 11
1 37
0 
0 
0 
0 
0 
1 17
2 17 29
0 
1 30
1 21
0 
0 
0 
1 21
0 
1 29
0 
0 
0 
1 11
1 41
0 
0 
0 
0 
0 
0 
0 
0 
0 
0 
0 
0 
0 
0 
0 
0 
0 
0 
0 
0 
0 
0 
1 29
0 
0 
0 
0 
0 
1 23
0 
1 43
1 42
0 
0 
0 
0 
0 
1 42
0 
1 42
0 
0 
0 
0 
0 
0 
0 
0 
0 
1 8
1 31
0 
1 31
0 
0 
0 
1 22
0 
0 
0 
0 
0 
0 
0 
0 
0 
0 
1 48
0 
0 
1 21
0 
0 
1 1
0 
0 
0 
1 46
1 48
0 
1 50
0 
0 
0 
0 
1 22
0 
0 
0 
0 
1 31
0 
0 
1 6
0 
0 
1 26
0 
0 
0 
0 
0 
1 42
0 
0 
0 
0 
0 
1 12
1 48
1 38
1 26
0 
0 
0 
1 2
0 
0 
0 
0 
0 
0 
1 46
1 2
0 
1 30
0 
1 12
0 
1 14
0 
0 
1 28
1 43
0 
0 
0 
0 
0 
0 
1 30
0 
1 3
0 
1 44
0 
0 
1 31
0 
0 
0 
0 
0 
0 
0 
0 
1 3
0 
0 
0 
1 49
0 
1 45
1 26
0 
1 45
1 21
0 
0 
0 
0 
1 44
1 35
1 35
0 
1 37
0 
0 
0 
0 
0 
0 
0 
0 
1 23
0 
0 
0 
0 
0 
1 22
0 
1 46
0 
0 
0 
1 44
0 
1 21
0 
0 
1 12
1 10
1 41
0 
1 11
0 
1 11
0 
0 
0 
1 19
1 36
1 10
1 35
0 
0 
1 8
1 15
0 
1 4
1 14
0 
0 
1 30
0 
1 17
1 17
2 36 41
0 
1 5
1 38
1 42
0 
0 
0 
1 39
1 36
1 18
0 
1 18
0 
0 
1 12
1 33
0 
0 
0 
0 
0 
0 
0 
0 
0 
1 18
0 
0 
1 14
0 
0 
0 
0 
0 
0 
0 
2 11 12
1 23
1 48
0 
1 49
0 
0 
0 
1 4
0 
0 
1 3
0 
0 
0 
0 
0 
1 12
1 19
0 
0 
0 
0 
0 
0 
0 
0 
0 
0 
1 48
1 46
0 
0 
0 
0 
0 
1 44
0 
0 
0 
1 50
1 44
0 
0 
1 37
0 
1 7
0 
0 
0 
0 
0 
0 
1 22
0 
0 
1 28
1 49
1 1
0 
0 
0 
0 
0 
0 
0 
1 1
0 
1 29
0 
1 45
0 
0 
1 49
0 
0 
0 
0 
0 
0 
1 28
2 11 38
1 18
1 45
0 
1 23
1 9
1 46
0 
1 30
0 
0 
1 7
0 
0 
0 
0 
1 19
0 
0 
0 
0 
1 6
0 
0 
0 
1 30
0 
0 
1 23
0 
1 13
0 
0 
1 32
0 
0 
0 
0 
0 
0 
0 
0 
0 
0 
0 
0 
0 
0 
0 
0 
0 
0 
0 
0 
0 
0 
0 
0 
1 7
0 
0 
0 
1 18
0 
0 
0 
0 
0 
1 27
1 5
1 5
0 
0 
0 
0 
0 
1 15
1 31
0 
0 
0 
1 18
0 
1 50
0 
0 
0 
1 16
1 44
0 
0 
1 32
1 13
1 19
1 43
0 
0 
0 
0 
1 43
0 
0 
0 
0 
0 
0 
1 29
0 
1 9
0 
1 22
1 9
0 
0 
0 
0 
1 15
0 
0 
0 
0 
0 
0 
0 
0 
0 
1 14
0 
0 
1 27
0 
0 
0 
0 
0 
1 19
0 
1 12
0 
0 
1 49
0 
0 
1 18
1 3
0 
0 
0 
0 
0 
1 31
1 31
0 
0 
1 14
0 
0 
0 
1 3
1 19
0 
0 
0 
0 
0 
1 45
0 
1 48
0 
0 
0 
1 26
0 
0 
1 10
1 9
0 
0 
0 
0 
0 
0 
1 26
0 
0 
1 4
0 
1 33
0 
0 
1 2
1 14
0 
2 4 29
1 40
0 
0 
0 
0 
1 3
0 
0 
0 
0 
0 
1 38
0 
0 
1 11
1 27
0 
0 
0 
1 3
0 
0 
0 
0 
0 
0 
0 
0 
0 
0 
0 
0 
1 8
1 43
0 
0 
1 9
1 5
0 
0 
0 
0 
0 
0 
0 
0 
0 
0 
0 
0 
0 
0 
0 
0 
1 5
0 
0 
0 
0 
0 
0 
0 
0 
1 6
0 
0 
0 
0 
0 
0 
1 50
0 
1 17
0 
0 
1 40
1 40
1 40
1 21
0 
1 40
0 
0 
0 
0 
1 40
1 40
1 21
1 40
0 
0 
0 
0 
1 40
1 40
0 
0 
0 
0 
0 
0 
0 
0 
0 
1 27
1 5
0 
0 
1 33
0 
0 
0 
0 
0 
1 26
0 
0 
1 19
0 
1 17
0 
1 22
0 
0 
0 
0 
0 
0 
0 
0 
0 
0 
0 
2 21 22
0 
0 
0 
0 
0 
0 
1 26
0 
0 
0 
0 
0 
0 
1 22
1 22
0 
0 
0 
0 
1 28
1 49
0 
0 
0 
0 
0 
1 19
0 
1 6
0 
0 
1 1
0 
0 
0 
0 
0 
0 
0 
0 
0 
0 
0 
0 
0 
0 
0 
0 
1 39
0 
0 
1 35
0 
1 38
1 38
0 
1 11
1 16
0 
0 
0 
0 
1 37
1 18
0 
1 42
0 
1 48
0 
0 
0 
0 
1 20
1 14
0 
1 29
0 
1 18
0 
0 
0 
0 
0 
0 
1 30
1 50
0 
1 7
0 
0 
0 
0 
0 
0 
1 12
0 
0 
0 
0 
1 28
0 
0 
0 
1 28
0 
0 
1 28
0 
0 
1 19
0 
0 
1 13
1 36
0 
1 30
0 
0 
0 
0 
0 
1 31
1 23
0 
0 
0 
0 
0 
1 14
1 25
0 
1 15
0 
0 
0 
0 
0 
0 
0 
0 
0 
0 
0 
0 
0 
0 
0 
0 
0 
0 
0 
1 42
1 14
0 
0 
0 
0 
0 
0 
0 
0 
0 
0 
0 
0 
1 6
0 
0 
0 
0 
0 
0 
0 
0 
1 23
1 15
0 
0 
1 7
1 7
1 7
0 
0 
0 
0 
1 10
1 30
0 
0 
0 
1 26
0 
1 24
1 9
0 
1 10
0 
1 49
0 
1 38
0 
0 
0 
0 
0 
1 29
0 
0 
0 
1 44
0 
0 
0 
0 
0 
0 
0 
1 5
0 
0 
0 
1 29
0 
0 
1 3
0 
0 
0 
0 
0 
0 
0 
1 23
0 
1 17
0 
1 6
0 
0 
0 
0 
1 41
0 
0 
0 
1 13
0 
0 
1 36
0 
0 
0 
1 10
0 
0 
0 
0 
0 
0 
0 
1 28
0 
0 
0 
0 
0 
0 
0 
1 41
0 
0 
1 33
1 43
0 
0 
0 
0 
1 49
0 
0 
1 7
0 
0 
0 
0 
0 
0 
1 10
1 41
0 
0 
0 
0 
0 
0 
0 
1 27
0 
0 
1 8
1 27
0 
0 
1 34
1 11
0 
1 2
0 
0 
1 13
0 
1 41
0 
0 
1 36
0 
1 3
0 
0 
0 
0 
0 
1 50
0 
1 24
1 36
0 
0 
1 33
0 
1 17
1 49
0 
0 
0 
0 
1 44
1 42
0 
1 38
0 
0 
1 50
0 
1 24
1 8
0 
0 
0 
0 
0 
1 15
1 37
1 10
0 
0 
0 
0 
0 
0 
0 
1 37
0 
0 
0 
0 
1 19
0 
0 
0 
0 
1 42
0 
0 
0 
0 
0 
0 
0 
0 
0 
0 
0 
1 35
0 
0 
1 13
1 33
0 
0 
0 
0 
0 
1 35
0 
1 25
0 
0 
1 36
1 41
0 
0 
0 
0 
0 
0 
0 
0 
0 
1 43
0 
0 
1 27
0 
0 
0 
0 
0 
0 
0 
0 
0 
1 24
0 
0 
0 
0 
0 
0 
0 
1 33
0 
0 
0 
0 
0 
0 
1 31
1 33
1 20
0 
0 
0 
0 
1 25
0 
0 
0 
0 
0 
1 45
0 
1 20
0 
0 
1 43
0 
1 24
1 48
0 
0 
0 
0 
0 
0 
0 
0 
0 
0 
0 
0 
1 24
1 15
0 
0 
0 
0 
0 
0 
0 
0 
1 42
0 
0 
0 
0 
0 
0 
0 
0 
0 
0 
0 
1 37
0 
0 
0 
1 28
0 
1 25
0 
1 9
0 
0 
0 
1 34
0 
1 1
0 
0 
1 48
1 33
0 
1 8
0 
0 
1 20
0 
0 
0 
0 
0 
0 
0 
0 
0 
0 
0 
0 
1 37
1 43
0 
1 7
0 
0 
0 
0 
1 1
1 8
0 
1 20
0 
1 13
0 
0 
0 
1 8
0 
0 
1 20
0 
0 
0 
1 16
0 
0 
0 
0 
1 13
0 
0 
0 
0 
0 
1 9
1 38
1 34
0 
0 
0 
0 
0 
1 10
1 5
1 9
1 2
0 
1 1
0 
0 
0 
0 
1 37
0 
0 
0 
0 
0 
0 
0 
1 47
1 50
0 
0 
1 43
0 
0 
1 25
0 
0 
1 47
0 
0 
0 
0 
0 
0 
0 
0 
0 
1 33
0 
0 
0 
0 
1 37
0 
0 
1 35
0 
0 
0 
1 46
0 
0 
0 
0 
0 
0 
1 39
0 
0 
0 
0 
0 
1 34
0 
1 15
0 
0 
0 
0 
1 15
0 
0 
0 
0 
1 27
0 
0 
0 
0 
0 
0 
0 
1 16
1 1
0 
1 32
0 
0 
1 8
0 
0 
0 
0 
1 27
0 
0 
0 
0 
1 13
0 
0 
0 
0 
0 
0 
1 26
1 17
0 
0 
0 
1 47
0 
0 
0 
0 
0 
0 
0 
0 
0 
1 5
1 39
1 39
1 24
0 
0 
0 
0 
0 
1 32
0 
0 
0 
0 
0 
0 
0 
0 
0 
1 7
0 
0 
0 
0 
0 
0 
0 
0 
0 
0 
0 
0 
0 
0 
0 
0 
0 
0 
1 8
0 
0 
0 
0 
1 24
0 
0 
0 
0 
0 
0 
0 
0 
0 
0 
0 
0 
0 
0 
0 
0 
0 
1 36
1 32
0 
0 
0 
0 
0 
0 
0 
0 
0 
0 
0 
0 
0 
0 
1 24
0 
1 17
0 
0 
0 
1 32
0 
1 32
1 20
1 20
0 
1 20
0 
0 
0 
0 
0 
0 
0 
0 
0 
0 
0 
1 34
0 
0 
1 10
0 
0 
1 20
1 34
1 32
0 
0 
0 
0 
0 
1 24
0 
0 
0 
0 
0 
0 
0 
0 
0 
0 
1 39
1 47
0 
0 
0 
1 39
0 
0 
0 
0 
0 
0 
0 
0 
1 1
0 
1 39
0 
0 
0 
0 
0 
0 
0 
0 
0 
0 
0 
0 
0 
0 
0 
0 
1 50
0 
0 
0 
0 
1 44
0 
0 
0 
0 
0 
1 47
1 16
0 
0 
0 
0 
0 
0 
0 
0 
0 
0 
0 
0 
0 
0 
0 
0 
1 27
0 
1 35
0 
0 
0 
0 
0 
0 
0 
0 
0 
0 
0 
0 
0 
0 
1 2
0 
0 
1 2
0 
0 
0 
0 
0 
0 
0 
0 
0 
0 
0 
0 
0 
0 
0 
1 25
0 
0 
0 
0 
1 25
0 
1 16
1 47
0 
0 
1 39
0 
0 
0 
0 
0 
0 
0 
1 34
0 
0 
0 
0 
0 
1 1
0 
0 
1 34
0 
0 
0 
0 
0 
0 
0 
0 
0 
0 
1 2
0 
0 
1 16
0 
0 
2 2 16
0 
0 
0 
0 
1 39
0 
0 
0 
0 
1 32
0 
0 
0 
0 
0 
0 
0 
1 46
0 
0 
0 
1 16
0 
0 
0 
0 
0 
1 34
0 
0 
1 47
0 
0 
0 
0 
0 
1 25
1 47
0 
0 
1 34
0 
0 
0 
0 
0 
0 
0 
0 
0 
0 
0 
0 
0 
0 
1 47
0 
0 
0 
0 
0 
0 
1 50
0 
0 
1 47
0 
0 
0 
0 
0 
0 
0 
0 
0 
0 
0 
0 
0 
0 
0 
0 
