70 87 283 390 427 470 478 509 523 533 541 568 570 593 615 690 698 724 729 753 775 776 823 909 915 994 1004 1024 1103 1106 1185 1274 1280 1291 1301 1303 1324 1335 1391 1397 1412 1421 1438 1451 1461 1527 1528 1534 1535 1536 1537 1540 1546 1572 1574 1592 1642 1643 1716 1717 1734 1739 1756 1757 1769 1771 1773 1818 1826 1849 1876
38 86 157 253 324 325 333 463 540 746 816 955 1055 1165 1190 1317 1459 1523 1544 1604 1618 1628 1630 1652 1658 1693 1743 1777 1780 1782 1785 1787 1800 1815 1840 1846 1880 1888 1918
20 90 132 133 229 313 352 366 486 674 700 714 755 769 934 944 954 1096 1108 1176 1200
12 115 116 119 123 124 129 144 145 430 483 741 749
12 125 440 625 626 787 804 855 1101 1196 1452 1457 1577
31 101 102 106 107 111 112 113 134 146 159 160 303 347 348 358 489 577 631 788 813 814 857 912 936 1028 1029 1042 1049 1119 1120 1232
12 521 567 614 924 971 1062 1063 1064 1164 1294 1416 1596
10 259 427 782 1183 1229 1397 1422 1430 1545 1615
34 141 374 419 497 551 552 561 664 667 677 718 722 728 731 754 757 770 786 856 943 976 1002 1010 1011 1039 1077 1160 1178 1197 1238 1263 1385 1448 1458
26 121 139 353 365 412 423 499 569 609 730 964 1069 1079 1100 1136 1137 1141 1153 1169 1171 1237 1313 1456 1598 1653 1681
33 46 56 128 185 186 187 208 243 245 415 416 417 456 475 484 556 566 580 582 702 709 711 747 764 940 1088 1091 1188 1205 1316 1351 1392 1393
62 51 56 63 81 162 171 183 310 318 337 364 411 414 416 417 453 455 467 475 485 492 496 502 607 622 623 651 665 680 681 687 688 689 693 703 710 736 744 745 945 950 966 978 1047 1123 1194 1241 1242 1259 1302 1398 1399 1403 1410 1439 1468 1488 1501 1503 1511 1549 1679
82 1 5 41 70 76 97 154 251 256 371 386 455 468 481 507 524 534 573 586 597 646 647 648 670 671 735 742 756 917 920 952 975 992 996 1051 1107 1122 1126 1128 1129 1163 1171 1186 1193 1260 1270 1295 1298 1340 1347 1388 1415 1419 1426 1427 1431 1435 1442 1495 1500 1505 1509 1552 1555 1621 1641 1668 1675 1682 1728 1764 1825 1833 1834 1837 1842 1843 1858 1865 1914 1923 1927
20 63 161 244 322 339 431 467 471 474 495 608 682 710 747 912 957 1012 1018 1036 1123
12 72 428 632 672 1015 1059 1235 1240 1356 1521 1526 1602
10 137 643 941 1437 1539 1748 1808 1843 1846 1868
19 53 142 194 195 420 436 437 461 487 656 822 869 1118 1214 1378 1487 1563 1656 1830
15 79 448 449 450 464 557 568 598 618 637 699 847 947 961 1046
10 421 493 572 649 691 715 867 910 993 1250
23 956 1323 1336 1400 1411 1424 1433 1510 1514 1541 1566 1600 1601 1606 1634 1645 1655 1663 1664 1666 1667 1684 1698
114 11 38 61 68 122 147 152 158 164 165 166 180 181 184 193 195 198 199 202 210 255 258 266 272 280 281 289 290 292 295 297 298 368 376 399 400 408 432 445 514 520 527 528 536 537 538 666 737 748 750 751 752 824 825 826 827 828 829 830 831 832 833 834 835 836 837 838 839 840 841 842 843 844 846 851 870 871 872 873 874 875 876 877 878 879 880 881 882 883 884 885 886 887 888 889 890 891 892 893 894 895 896 897 898 899 1020 1258 1264 1265 1266 1267 1268 1310 1750
75 11 38 68 122 158 164 165 166 180 181 193 195 198 199 202 210 255 258 266 272 280 281 289 290 292 295 297 298 376 400 408 432 445 514 527 528 536 537 538 666 737 748 751 752 846 870 871 872 873 874 875 876 877 878 879 880 881 882 883 884 885 886 887 888 889 890 891 892 893 894 895 896 897 898 899
70 62 64 65 66 74 75 78 117 118 135 148 149 182 192 233 234 235 236 237 238 239 302 363 392 393 394 395 396 458 459 460 472 476 482 494 518 560 574 578 579 583 584 675 676 683 784 821 822 853 859 860 998 1000 1006 1007 1008 1022 1031 1050 1056 1058 1065 1116 1124 1134 1167 1222 1257 1319 1440
180 82 83 88 109 110 126 218 219 267 271 293 308 341 369 398 498 548 585 588 595 612 616 617 628 638 642 660 661 663 695 701 720 725 732 734 758 759 760 777 780 781 845 849 850 863 927 1021 1038 1045 1052 1076 1082 1087 1098 1104 1139 1145 1166 1173 1204 1208 1219 1228 1233 1239 1246 1247 1248 1272 1273 1275 1281 1292 1297 1306 1327 1331 1332 1341 1343 1344 1346 1349 1350 1352 1353 1354 1355 1358 1361 1366 1373 1382 1384 1405 1415 1418 1423 1432 1446 1450 1464 1473 1483 1491 1497 1508 1515 1524 1525 1533 1547 1548 1556 1560 1561 1564 1568 1570 1580 1584 1585 1587 1588 1589 1591 1597 1609 1610 1611 1617 1620 1623 1636 1640 1654 1665 1670 1692 1694 1696 1697 1699 1701 1702 1704 1709 1710 1713 1720 1721 1722 1723 1725 1726 1727 1738 1740 1744 1751 1761 1762 1768 1775 1776 1778 1817 1822 1844 1845 1848 1872 1885 1887 1889 1893 1901 1903 1906 1917
33 13 16 31 73 428 1013 1279 1328 1379 1383 1386 1453 1480 1481 1635 1651 1657 1677 1706 1729 1735 1737 1755 1759 1772 1774 1793 1796 1801 1806 1821 1869 1883
18 138 190 304 305 306 321 349 367 373 727 738 815 864 890 1066 1074 1075 1562
20 618 624 669 685 765 854 907 947 961 1180 1184 1262 1296 1444 1530 1531 1538 1550 1559 1765
36 36 73 84 120 175 323 342 345 433 443 465 529 530 531 555 602 818 866 903 979 980 981 982 983 984 985 986 987 988 989 990 991 1144 1288 1380 1381
11 54 195 204 232 375 543 662 749 959 1089 1105
16 178 197 299 335 336 350 426 434 564 581 968 999 1014 1070 1210 1518
33 37 96 254 260 262 265 269 286 300 357 361 508 563 605 633 684 705 706 707 766 916 928 948 1005 1199 1269 1321 1363 1364 1371 1375 1404 1454
14 98 122 501 589 647 919 1179 1542 1586 1639 1660 1662 1686 1856
16 454 743 858 1072 1150 1154 1155 1212 1271 1278 1305 1314 1322 1336 1395 1494
28 575 1187 1189 1211 1289 1389 1450 1460 1472 1519 1560 1575 1597 1620 1678 1685 1687 1718 1721 1779 1799 1820 1829 1847 1854 1874 1887 1902
63 17 30 57 94 153 179 184 196 201 204 290 377 382 383 397 424 425 469 490 510 511 512 587 590 594 629 634 641 694 717 868 935 965 1001 1003 1034 1041 1053 1084 1112 1131 1151 1192 1225 1234 1267 1277 1300 1409 1445 1502 1516 1518 1569 1573 1605 1633 1683 1707 1733 1758 1767 1832
33 151 156 338 384 422 438 447 480 726 768 930 972 997 1023 1090 1109 1132 1162 1198 1209 1213 1282 1345 1348 1372 1374 1396 1407 1614 1631 1637 1638 1719
10 188 385 519 946 1236 1245 1377 1413 1466 1499
33 20 46 104 105 140 141 309 320 441 443 467 473 517 522 525 526 556 599 603 620 686 704 761 779 862 933 937 938 960 1083 1218 1223 1449
11 446 932 1513 1578 1579 1607 1703 1708 1719 1812 1851
22 750 824 825 826 827 828 829 830 831 832 833 834 835 836 837 838 839 840 841 842 843 844
15 80 136 209 403 409 413 438 500 1125 1152 1172 1195 1283 1401 1622
31 150 191 207 241 242 246 247 248 249 311 312 351 360 442 673 708 865 931 949 953 967 1035 1067 1085 1216 1221 1255 1286 1365 1465 1522
41 114 143 171 189 240 250 314 340 343 344 346 491 506 559 636 650 652 653 654 655 697 712 713 774 783 911 1026 1111 1117 1156 1181 1293 1315 1339 1367 1368 1414 1443 1463 1478 1492
85 47 60 67 91 93 155 158 170 176 177 178 204 232 294 326 328 354 355 381 388 389 391 404 405 406 407 451 452 511 514 516 552 592 596 600 619 644 645 662 692 817 900 918 939 963 995 1016 1030 1033 1044 1055 1067 1068 1071 1073 1092 1093 1094 1095 1102 1149 1158 1168 1201 1220 1251 1253 1254 1256 1308 1310 1320 1326 1329 1330 1359 1360 1425 1429 1485 1565 1603 1616 1619 1741
34 5 7 8 52 54 73 84 89 200 206 301 315 359 372 375 544 545 546 547 558 565 613 621 721 771 973 1027 1121 1217 1224 1318 1334 1402 1408
22 55 58 92 99 103 169 287 329 330 331 332 402 488 505 549 550 562 591 819 902 1506 1864
111 45 100 126 173 283 439 445 554 627 659 660 942 1133 1142 1173 1175 1285 1331 1337 1464 1474 1476 1484 1498 1517 1554 1560 1567 1576 1581 1588 1590 1597 1613 1625 1626 1627 1632 1644 1649 1659 1672 1673 1674 1676 1678 1688 1691 1704 1709 1711 1732 1747 1753 1762 1763 1770 1776 1783 1786 1788 1789 1790 1791 1794 1795 1797 1798 1799 1804 1805 1809 1811 1813 1816 1823 1828 1831 1836 1838 1844 1850 1859 1866 1867 1871 1875 1877 1878 1879 1884 1894 1896 1898 1901 1902 1903 1904 1907 1908 1912 1913 1915 1916 1917 1919 1920 1921 1922 1924 1925
24 15 85 168 268 277 279 288 319 356 477 503 504 513 668 723 951 1078 1080 1143 1311 1342 1362 1394 1699
30 8 204 307 327 370 375 479 532 542 548 610 657 696 785 792 904 1016 1060 1061 1081 1113 1130 1157 1161 1208 1215 1248 1249 1369 1370
355 0 6 11 26 27 30 35 42 43 44 49 50 55 59 69 77 95 108 110 125 126 127 130 131 163 167 172 173 174 195 197 203 204 205 211 212 213 214 215 216 217 220 221 222 223 224 225 226 227 228 230 231 252 257 261 262 263 264 267 270 273 274 275 276 277 278 282 284 285 287 290 291 293 296 316 317 319 334 362 370 377 378 379 380 382 383 387 401 410 418 429 435 444 457 462 466 515 532 535 537 539 553 571 576 601 604 606 611 630 635 639 640 657 658 678 679 716 719 733 739 740 760 762 763 767 772 773 778 780 789 790 791 793 794 795 796 797 798 799 800 801 802 803 804 805 806 807 808 809 810 811 812 820 848 852 861 895 901 905 906 908 913 914 921 922 923 925 926 929 958 962 969 970 974 977 1009 1017 1019 1025 1032 1037 1040 1043 1048 1054 1057 1086 1097 1099 1110 1114 1115 1127 1135 1138 1140 1146 1147 1148 1151 1159 1170 1173 1174 1177 1182 1191 1202 1203 1206 1207 1226 1227 1230 1231 1243 1244 1248 1252 1261 1276 1284 1287 1290 1299 1304 1307 1309 1310 1312 1325 1333 1338 1357 1376 1387 1390 1406 1417 1420 1428 1434 1436 1441 1447 1455 1462 1467 1469 1470 1471 1475 1477 1479 1482 1486 1489 1490 1493 1496 1504 1507 1512 1520 1529 1532 1543 1551 1553 1557 1558 1567 1568 1571 1576 1577 1582 1583 1593 1594 1595 1599 1608 1612 1624 1629 1646 1647 1648 1650 1661 1669 1671 1680 1689 1690 1695 1700 1705 1712 1714 1715 1724 1730 1731 1736 1742 1745 1746 1749 1752 1754 1760 1766 1781 1784 1791 1792 1802 1803 1807 1810 1814 1819 1824 1827 1835 1839 1841 1852 1853 1855 1857 1860 1861 1862 1863 1870 1873 1881 1882 1886 1890 1891 1892 1895 1897 1899 1900 1905 1909 1910 1911 1926 1928